-1.52067
-1.48203
0.510425
0.570107
1.05585
0.447174
-1.31918
0.224484
0.720203
0.566752
0.732221
0.62727
1.1469
-0.410935
0.00171971
0.289106
1.16715
0.0600226
-1.85172
-1.36731
0.927019
-0.723274
0.631904
0.793589
-0.838816
0.292658
2.03994
-0.155009
-0.252656
1.66713
1.39237
0.888801
-1.07309
0.44829
-0.820842
0.0122037
0.44246
-1.66736
-0.0346392
-0.999998
0.0481106
0.565355
1.25134
-0.181597
1.27181
-0.539457
-0.336181
0.147788
1.51983
-0.508325
-2.25669
-0.695918
-1.60538
-0.168254
1.51269
0.103994
-0.797516
-0.553368
-1.58439
2.19591
-1.07066
0.412019
0.813246
-1.23069
0.615702
-0.134514
-0.0385264
-0.990841
1.47927
-0.378047
1.10984
0.43274
-0.519493
-0.797149
-0.350835
-2.45411
-0.0228203
1.41325
-2.4661
-1.16071
-1.32663
1.63909
0.582177
-0.476107
1.05062
-1.51237
1.24985
0.676724
-0.807443
1.93182
1.05112
0.0260528
-1.24835
0.192682
-0.249836
-1.44006
-0.978493
-1.22932
-0.783533
-0.277329
