    -48.03 
    -23.04 
    -40.47 
    -18.54 
    -41.80 
    -32.58 
    -43.31 
    -31.48 
    -28.62 
    -23.03 
    -42.63 
    -33.61 
    -44.30 
    -34.72 
    -28.38 
    -36.28 
    -50.04 
    -39.89 
    -41.85 
    -32.91 
    -26.94 
    -33.44 
    -34.33 
    -23.14 
    -41.43 
    -29.33 
    -18.43 
    -31.51 
    -45.55 
    -36.42 
    -26.19 
    -18.38 
    -33.90 
    -31.10 
    -32.59 
    -39.10 
    -44.08 
    -39.15 
    -44.14 
    -39.79 
    -41.95 
    -25.26 
    -36.95 
    -46.45 
    -34.92 
    -25.82 
    -25.77 
    -48.55 
    -37.45 
    -37.03 
    -33.23 
    -40.73 
    -28.27 
    -35.12 
    -33.68 
    -43.54 
    -32.12 
    -37.27 
    -47.70 
    -34.51 
    -31.91 
    -37.31 
    -28.85 
    -26.10 
    -38.55 
    -15.93 
    -40.91 
    -47.37 
    -25.06 
    -28.94 
    -22.44 
    -36.32 
    -15.34 
    -46.35 
    -31.88 
    -30.53 
    -30.16 
    -36.83 
    -28.70 
    -20.69 
    -30.77 
    -27.86 
    -45.10 
    -36.09 
    -44.82 
    -47.80 
    -39.90 
    -34.57 
    -29.74 
    -35.66 
    -24.76 
    -39.90 
    -34.82 
    -34.17 
    -24.89 
    -21.83 
    -30.97 
    -33.81 
    -34.39 
    -45.57 
    -20.64 
    -33.50 
    -24.55 
    -30.49 
    -42.70 
    -48.91 
    -42.90 
    -32.66 
    -30.02 
    -48.76 
    -42.25 
    -39.49 
    -31.32 
    -33.79 
    -29.25 
    -28.24 
    -26.61 
    -38.34 
    -30.60 
    -38.35 
    -25.95 
    -28.79 
    -30.79 
    -30.73 
    -38.41 
    -26.50 
    -32.41 
    -38.21 
    -16.75 
    -29.22 
    -35.22 
    -42.57 
    -28.47 
    -22.55 
    -41.57 
    -24.80 
    -33.21 
    -24.30 
    -34.19 
    -52.77 
    -24.13 
    -35.41 
    -32.83 
    -29.23 
    -37.78 
    -27.31 
    -32.22 
    -49.72 
    -33.67 
    -15.00 
    -31.65 
    -28.98 
    -45.40 
    -41.37 
    -26.12 
    -39.37 
    -44.25 
    -35.79 
    -33.49 
    -39.95 
    -35.48 
    -40.65 
    -22.37 
    -29.75 
    -22.61 
    -50.25 
    -50.60 
    -45.80 
    -33.20 
    -28.22 
    -20.17 
    -38.13 
    -24.35 
    -32.18 
    -31.98 
    -28.97 
    -21.91 
    -18.17 
    -36.96 
    -31.33 
    -33.28 
    -34.30 
    -25.71 
    -32.05 
    -46.58 
    -32.44 
    -36.87 
    -43.87 
    -44.61 
    -31.26 
    -36.54 
    -35.06 
    -34.31 
    -22.10 
    -42.91 
    -33.52 
    -40.91 
    -43.89 
    -28.11 
    -27.66 
    -54.22 
    -36.09 
    -32.40 
    -28.75 
    -49.03 
    -39.67 
    -26.57 
    -31.11 
    -35.36 
    -39.42 
    -29.11 
    -29.41 
    -38.30 
    -45.48 
    -41.64 
    -48.34 
    -41.06 
    -37.88 
    -29.57 
    -26.38 
    -37.55 
    -44.67 
    -34.21 
    -27.89 
    -26.45 
    -40.65 
    -34.12 
    -41.20 
    -35.48 
    -28.48 
    -29.84 
    -24.79 
    -38.81 
    -26.79 
    -35.49 
    -31.79 
    -38.62 
    -31.83 
    -38.18 
    -37.01 
    -26.02 
    -45.20 
    -40.46 
    -38.51 
    -32.90 
    -24.23 
    -37.02 
    -34.54 
    -44.63 
    -42.93 
    -35.57 
    -31.24 
    -29.63 
    -34.48 
    -22.32 
    -26.56 
    -26.32 
    -41.80 
    -21.40 
    -28.84 
    -37.83 
    -30.74 
    -36.34 
    -52.10 
    -33.51 
    -30.51 
    -48.82 
    -45.19 
    -50.03 
    -39.06 
    -36.41 
    -37.79 
    -35.66 
    -34.01 
    -30.86 
    -35.09 
    -32.59 
    -48.34 
    -44.12 
    -37.19 
    -37.79 
    -35.95 
    -28.10 
    -41.62 
    -38.06 
    -24.78 
    -32.93 
    -48.13 
    -34.78 
    -37.68 
    -32.11 
    -51.56 
    -44.50 
    -33.85 
    -54.17 
    -36.96 
    -36.54 
    -44.80 
    -46.45 
    -39.82 
    -37.08 
    -32.82 
    -28.04 
    -39.66 
    -42.58 
    -34.54 
    -46.88 
    -36.78 
    -45.93 
    -25.50 
    -42.32 
    -34.87 
    -47.10 
    -38.58 
    -39.33 
    -39.18 
    -42.12 
    -33.22 
    -38.52 
    -24.54 
    -41.20 
    -34.13 
    -48.15 
    -35.60 
    -41.06 
    -34.20 
    -36.82 
    -40.04 
    -28.07 
    -28.51 
    -39.65 
    -37.78 
    -22.48 
    -41.45 
    -22.97 
    -37.58 
    -35.80 
    -30.34 
    -38.88 
    -35.20 
    -29.58 
    -26.43 
    -25.91 
    -33.44 
    -42.18 
    -49.54 
    -32.87 
    -40.50 
    -40.36 
    -35.16 
    -32.01 
    -31.85 
    -30.75 
    -36.49 
    -28.73 
    -36.62 
    -31.31 
    -29.84 
    -29.26 
    -28.16 
    -31.15 
    -36.39 
    -31.60 
    -37.04 
    -46.68 
    -28.32 
    -39.94 
    -21.53 
    -32.46 
    -14.11 
    -34.55 
    -19.05 
    -27.51 
    -29.04 
    -27.44 
    -28.35 
    -41.08 
    -52.49 
    -38.13 
    -35.46 
    -25.56 
    -27.14 
    -40.06 
    -26.48 
    -34.94 
    -27.41 
    -22.75 
    -37.19 
    -38.24 
    -27.15 
    -34.65 
    -29.99 
    -47.56 
    -26.25 
    -35.10 
    -58.09 
    -31.60 
    -33.41 
    -17.18 
    -39.70 
    -37.06 
    -26.57 
    -40.17 
    -32.98 
    -42.66 
    -30.85 
    -39.97 
    -40.51 
    -44.70 
    -30.14 
    -36.20 
    -39.70 
    -30.18 
    -47.47 
    -43.02 
    -35.91 
    -18.90 
    -32.64 
    -53.87 
    -24.23 
    -42.40 
    -38.71 
    -36.55 
    -42.12 
    -28.78 
    -39.71 
    -41.51 
    -37.04 
    -47.08 
    -40.09 
    -29.88 
    -31.42 
    -34.97 
    -28.27 
    -40.49 
    -35.43 
    -32.79 
    -32.73 
    -29.08 
    -36.93 
    -29.71 
    -39.75 
    -29.06 
    -17.56 
    -42.36 
    -51.36 
    -24.76 
    -33.11 
    -33.31 
    -27.81 
    -38.51 
    -23.31 
    -33.16 
    -30.90 
    -31.85 
    -39.46 
    -28.59 
    -25.49 
    -43.74 
    -26.03 
    -41.13 
    -34.55 
    -23.54 
    -40.88 
    -26.93 
    -33.26 
    -38.20 
    -31.26 
    -30.90 
    -38.22 
    -27.30 
    -45.39 
    -33.37 
    -21.88 
    -47.87 
    -31.93 
    -29.25 
    -38.46 
    -24.07 
    -24.18 
    -42.17 
    -33.43 
    -51.24 
    -25.73 
    -48.76 
    -36.60 
    -39.47 
    -47.07 
    -40.63 
    -37.33 
    -30.54 
    -39.90 
    -43.54 
    -45.31 
    -49.88 
    -41.81 
    -37.64 
    -41.25 
    -59.60 
    -36.36 
    -51.64 
    -32.97 
    -38.49 
    -39.29 
    -26.50 
    -55.40 
    -45.93 
    -37.94 
    -32.29 
    -29.83 
    -45.21 
    -26.99 
    -31.13 
    -37.57 
    -34.23 
    -39.34 
    -37.86 
    -37.30 
    -29.10 
    -34.36 
    -42.85 
    -31.57 
    -36.68 
    -39.84 
    -33.32 
    -37.16 
    -40.10 
    -50.30 
    -28.32 
    -43.69 
    -40.51 
    -35.11 
    -45.76 
    -48.22 
    -50.73 
    -41.05 
    -28.24 
    -22.60 
    -32.92 
    -33.70 
    -35.03 
    -40.98 
    -38.35 
    -53.33 
    -48.62 
    -45.32 
    -38.78 
    -33.16 
    -58.52 
    -33.29 
    -46.26 
    -32.05 
    -45.86 
    -34.39 
    -48.43 
    -39.84 
    -53.02 
    -36.06 
    -39.05 
    -32.56 
    -47.69 
    -39.44 
    -36.65 
    -38.10 
    -40.03 
    -36.40 
    -37.57 
    -33.14 
    -32.98 
    -29.38 
    -32.21 
    -40.34 
    -26.31 
    -52.65 
    -32.34 
    -28.10 
    -22.85 
    -34.59 
    -37.02 
    -32.22 
    -51.57 
    -27.21 
    -23.02 
    -29.62 
    -26.12 
    -28.04 
    -34.02 
    -29.06 
    -42.38 
    -38.26 
    -31.09 
    -34.05 
    -45.12 
    -39.31 
    -36.45 
    -39.96 
    -45.38 
    -47.49 
    -34.38 
    -42.32 
    -52.59 
    -35.45 
    -36.53 
    -30.67 
    -38.84 
    -34.90 
    -33.66 
    -34.28 
    -53.58 
    -44.06 
    -41.26 
    -41.93 
    -30.17 
    -37.76 
    -38.31 
    -48.97 
    -31.45 
    -24.69 
    -36.92 
    -32.57 
    -35.21 
    -33.85 
    -27.68 
    -36.55 
    -47.19 
    -44.00 
    -33.72 
    -38.86 
    -33.55 
    -36.10 
    -28.82 
    -46.23 
    -26.42 
    -37.82 
    -35.39 
    -33.55 
    -39.84 
    -41.33 
    -43.84 
    -39.80 
    -29.83 
    -57.24 
    -25.92 
    -32.37 
    -40.71 
    -37.07 
    -34.25 
    -34.18 
    -30.72 
    -36.09 
    -44.92 
    -32.15 
    -23.14 
    -36.88 
    -54.69 
    -29.30 
    -34.54 
    -36.54 
    -28.26 
    -34.86 
    -30.91 
    -42.48 
    -41.98 
    -34.04 
    -38.63 
    -50.47 
    -29.66 
    -27.61 
    -40.69 
    -50.53 
    -39.63 
    -33.13 
    -36.54 
    -34.60 
    -46.81 
    -42.02 
    -26.70 
    -35.41 
    -32.64 
    -50.67 
    -28.17 
    -42.41 
    -47.08 
    -31.49 
    -54.49 
    -32.04 
    -35.76 
    -29.85 
    -36.66 
    -30.10 
    -41.30 
    -60.54 
    -41.33 
    -37.58 
    -46.38 
    -34.33 
    -38.18 
    -37.28 
    -48.21 
    -32.63 
    -59.94 
    -40.34 
    -43.45 
    -41.53 
    -24.89 
    -36.69 
    -35.88 
    -41.60 
    -36.28 
    -40.91 
    -36.57 
    -43.99 
    -24.28 
    -40.62 
    -25.13 
    -40.10 
    -20.44 
    -38.74 
    -34.29 
    -38.06 
    -37.58 
    -36.71 
    -25.74 
    -46.24 
    -40.18 
    -32.43 
    -28.48 
    -31.37 
    -42.98 
    -42.41 
    -33.55 
    -26.46 
    -36.24 
    -35.48 
    -41.52 
    -33.18 
    -48.04 
    -47.09 
    -34.78 
    -37.20 
    -41.22 
    -28.36 
    -34.32 
    -29.05 
    -36.00 
    -43.17 
    -55.29 
    -29.11 
    -35.43 
    -40.43 
    -43.05 
    -19.08 
    -32.13 
    -43.72 
    -32.11 
    -37.29 
    -51.56 
    -42.35 
    -35.33 
    -43.42 
    -34.31 
    -38.47 
    -48.96 
    -23.49 
    -39.30 
    -28.89 
    -52.35 
    -38.79 
    -33.51 
    -33.00 
    -42.70 
    -36.70 
    -39.55 
    -44.71 
    -39.55 
    -44.67 
    -48.76 
    -26.53 
    -21.57 
    -40.88 
    -35.73 
    -49.57 
    -37.41 
    -18.55 
    -46.27 
    -24.38 
    -41.60 
    -34.55 
    -39.07 
    -33.28 
    -34.78 
    -33.47 
    -41.57 
    -36.15 
    -45.50 
    -43.32 
    -36.02 
    -30.26 
    -28.02 
    -34.80 
    -40.66 
    -39.45 
    -37.47 
    -32.34 
    -31.80 
    -32.64 
    -40.67 
    -42.63 
    -32.60 
    -30.22 
    -55.37 
    -37.75 
    -55.44 
    -38.38 
    -44.99 
    -36.08 
    -43.75 
    -34.50 
    -50.90 
    -32.08 
    -35.18 
    -41.10 
    -43.40 
    -29.72 
    -34.33 
    -30.29 
    -24.34 
    -39.77 
    -36.29 
    -31.40 
    -39.04 
    -38.69 
    -51.94 
    -39.91 
    -43.78 
    -45.03 
    -43.49 
    -43.93 
    -45.07 
    -54.23 
    -50.28 
    -40.09 
    -33.71 
    -40.30 
    -36.25 
    -40.73 
    -53.13 
    -28.42 
    -42.03 
    -43.90 
    -39.99 
    -33.51 
    -42.12 
    -30.57 
    -46.51 
    -25.94 
    -40.95 
    -41.69 
    -34.19 
    -26.94 
    -38.25 
    -37.53 
    -37.43 
    -21.95 
    -37.37 
    -43.18 
    -37.44 
    -39.00 
    -36.57 
    -41.22 
    -43.66 
    -54.54 
    -30.06 
    -36.18 
    -37.25 
    -50.54 
    -34.29 
    -22.41 
    -30.71 
    -47.22 
    -39.29 
    -50.79 
    -43.37 
    -38.96 
    -33.09 
    -34.64 
    -31.76 
    -38.50 
    -43.53 
    -34.68 
    -32.42 
    -36.60 
    -26.14 
    -32.75 
    -40.02 
    -48.45 
    -49.36 
    -39.32 
    -37.55 
    -41.68 
    -49.53 
    -43.82 
    -56.55 
    -51.32 
    -33.51 
    -51.04 
    -29.75 
    -32.24 
    -30.26 
    -28.03 
    -50.21 
    -39.17 
    -33.18 
    -44.18 
    -39.18 
    -34.09 
    -27.68 
    -41.11 
    -54.50 
    -54.74 
    -49.59 
    -37.07 
    -38.93 
    -36.37 
    -37.04 
    -31.81 
    -28.34 
    -28.37 
    -38.16 
    -35.98 
    -22.23 
    -40.94 
    -37.74 
    -32.74 
    -44.14 
    -47.67 
    -43.00 
    -37.25 
    -34.35 
    -27.71 
    -34.56 
    -28.97 
    -47.26 
    -26.58 
    -30.87 
    -46.82 
    -29.28 
    -37.78 
    -42.22 
    -26.62 
    -29.00 
    -34.93 
    -47.76 
    -39.13 
    -34.38 
    -30.48 
    -45.24 
    -25.45 
    -39.40 
    -37.81 
    -19.94 
    -28.21 
    -25.06 
    -24.19 
    -36.28 
    -41.00 
    -35.77 
    -38.70 
    -18.63 
    -26.20 
    -30.36 
    -30.80 
    -49.32 
    -27.68 
    -31.43 
    -48.84 
    -27.32 
    -27.44 
    -23.76 
    -48.61 
    -43.75 
    -38.12 
    -30.13 
    -40.80 
    -39.99 
    -43.19 
    -31.42 
    -41.26 
    -36.34 
    -27.09 
    -45.02 
    -42.20 
    -32.30 
    -56.77 
    -36.74 
    -33.81 
    -34.61 
    -34.53 
    -34.82 
    -36.96 
    -38.83 
    -46.10 
    -36.04 
    -40.14 
    -28.68 
    -40.24 
    -42.05 
    -28.76 
    -32.55 
    -43.65 
    -39.26 
    -39.57 
    -43.27 
    -46.44 
    -25.69 
    -30.49 
    -43.68 
    -35.65 
    -31.59 
    -43.38 
    -40.35 
    -33.19 
    -40.84 
    -23.09 
    -37.04 
    -45.33 
    -42.81 
    -48.69 
    -31.15 
    -22.77 
    -32.64 
    -30.48 
    -35.47 
    -35.29 
    -51.46 
    -43.59 
    -43.01 
    -32.38 
    -41.38 
    -35.79 
    -40.62 
    -34.81 
    -39.32 
    -39.49 
    -40.36 
    -33.64 
    -28.45 
    -30.49 
    -36.04 
    -37.72 
    -31.64 
    -56.56 
    -35.48 
    -44.72 
    -50.04 
    -35.63 
    -37.94 
    -41.65 
    -33.31 
    -40.16 
    -32.74 
    -41.05 
    -32.92 
    -47.85 
    -34.71 
    -37.67 
    -30.57 
    -36.36 
    -49.27 
    -31.01 
    -38.76 
    -39.11 
    -35.47 
    -50.13 
    -37.98 
    -37.02 
    -41.30 
    -49.78 
    -42.21 
    -41.01 
    -36.93 
    -40.42 
    -33.77 
    -40.86 
    -35.21 
    -35.43 
    -38.37 
    -52.12 
    -50.53 
    -36.54 
    -35.61 
    -41.69 
    -30.15 
    -17.89 
    -38.41 
    -21.79 
    -43.03 
    -32.80 
    -36.69 
    -37.47 
    -43.86 
    -47.44 
    -31.58 
    -34.45 
    -28.32 
    -63.95 
    -67.44 
    -40.95 
    -32.29 
    -14.60 
    -30.27 
    -40.79 
    -35.19 
    -35.55 
    -30.04 
